158,157,118,78,62,66,100,142,152,151,107,74,56,65,94,138,152,153,108,70,56,60,93,139,156,155,126,91,66,63,93,144,156,153,122,81,59,59,82,121,141,146,120,73,58,57,83,135,148,157,130,92,63,61,79,128,148,149,139,101,71,62,72,109,138,150,129,86,64,53,66,100,136,150,146,106,77,63,71,101,139,155,149,116,82,63,64,87,123,140,140,122,90,64,61,75,107,136,144,134,97,70,60,71,103,141,148,142,102,73
155,159,117,77,63,68,103,141,153,150,114,72,56,61,90,141,154,153,113,70,58,62,94,143,158,157,127,90,67,66,93,146,158,158,127,80,61,65,88,127,146,145,118,73,59,59,85,133,149,155,131,91,66,59,78,126,144,151,136,98,67,61,71,113,137,150,137,89,66,56,65,97,133,149,144,105,76,61,70,101,140,152,151,115,79,62,63,90,124,145,146,123,90,62,60,76,111,136,146,135,92,67,58,70,102,137,146,144,105,71
156,160,118,78,58,60,94,139,156,151,112,69,56,62,94,140,155,157,111,69,59,64,93,139,155,157,129,90,68,67,92,147,157,157,124,81,60,62,81,121,147,144,118,73,60,61,80,132,152,157,134,90,67,63,81,127,145,152,133,96,67,57,72,112,141,151,144,93,65,59,67,97,131,150,143,106,74,62,73,100,142,152,150,116,82,61,63,86,126,141,147,125,89,64,58,75,111,133,144,136,97,68,59,67,102,135,144,142,108,73
156,160,119,80,61,63,97,140,150,151,108,69,55,60,92,141,154,153,110,69,60,64,92,139,156,156,126,91,70,67,99,145,158,154,126,82,64,60,79,122,150,153,124,77,60,59,83,129,145,154,128,89,64,65,82,128,146,149,135,89,62,54,69,112,143,149,139,93,65,57,67,100,134,148,145,103,70,60,70,100,141,154,148,116,82,58,58,85,123,145,149,126,88,61,58,75,110,137,147,133,98,68,57,68,100,138,145,143,105,74
160,157,122,81,62,67,100,142,152,150,108,68,57,58,88,137,153,152,108,67,60,66,96,140,153,151,122,91,73,72,99,142,157,156,125,81,62,58,82,124,151,152,126,74,60,60,79,126,146,155,132,89,63,55,75,122,143,148,130,91,62,51,67,101,129,148,134,91,68,59,68,99,133,148,141,102,73,61,68,97,138,154,151,118,85,63,66,84,124,144,151,127,91,65,60,73,106,134,146,135,101,66,57,68,105,138,149,145,107,72
160,153,121,82,62,71,104,144,155,151,111,70,55,60,89,137,152,153,111,72,59,64,97,141,153,153,121,88,69,69,94,139,154,152,123,81,61,58,83,124,148,152,122,74,52,53,75,125,144,149,130,82,55,48,72,117,139,150,136,90,57,48,63,104,131,141,140,90,65,50,60,94,130,150,143,102,76,62,68,97,138,153,152,117,85,63,68,80,123,142,151,129,92,65,60,75,111,136,148,137,101,68,57,70,103,132,143,143,107,75
159,158,122,81,61,70,103,144,155,151,110,72,60,60,93,139,150,153,111,71,59,64,97,141,152,153,125,85,67,67,93,138,153,153,124,83,63,62,82,131,147,149,124,75,51,54,77,126,147,148,123,77,50,46,61,105,127,136,124,85,58,47,58,102,127,146,137,87,58,49,59,99,135,149,142,102,74,64,71,98,138,152,150,120,86,63,67,81,122,142,148,124,89,65,60,75,110,136,148,139,102,71,58,71,103,135,149,144,108,74
159,160,122,81,62,67,101,145,155,152,109,68,54,58,88,135,153,153,109,67,58,63,95,143,155,154,127,88,69,70,93,138,154,157,124,85,60,60,81,129,149,148,117,69,52,61,79,103,103,97,84,74,70,68,64,72,71,66,54,40,29,25,35,74,106,135,143,86,58,49,62,98,132,143,140,100,69,62,72,97,138,152,151,121,83,62,64,81,119,140,146,125,89,64,58,74,107,132,143,137,100,68,57,66,103,137,148,142,109,74
159,156,123,82,66,68,100,146,158,154,112,73,60,60,92,140,151,156,112,70,60,62,92,143,155,151,124,93,70,67,92,143,159,156,122,88,67,63,81,122,137,121,92,84,85,87,78,76,72,80,82,89,88,73,69,69,69,71,71,72,71,67,57,45,31,32,58,61,50,47,56,94,132,147,140,99,63,55,68,96,139,153,151,122,85,63,66,82,118,140,148,130,92,64,57,75,109,132,141,137,101,70,57,66,103,137,145,139,108,78
157,154,121,81,67,69,98,145,159,153,115,76,57,61,93,142,153,150,114,67,58,58,91,140,156,154,131,94,70,67,95,149,160,158,126,86,61,66,79,82,73,71,81,92,91,82,69,60,63,74,83,90,85,70,69,70,72,77,77,81,79,68,67,67,65,58,39,29,24,23,34,72,121,143,134,98,64,53,61,93,137,152,151,119,84,64,63,81,119,141,147,129,96,69,61,75,106,132,143,138,101,69,55,68,101,138,148,143,106,77
159,159,122,83,70,72,96,142,158,152,117,77,58,60,94,145,156,151,107,73,58,62,94,142,157,153,127,92,73,74,99,151,160,158,127,84,76,84,75,72,67,72,85,88,88,79,69,62,74,85,90,90,80,68,58,61,68,79,79,78,67,60,56,59,60,66,69,71,53,32,19,18,39,88,122,94,63,53,59,92,136,153,156,121,89,68,61,83,124,144,148,131,99,72,62,77,108,132,141,136,101,68,62,72,101,134,149,146,108,77
157,158,118,77,64,71,100,144,154,152,109,72,61,59,86,143,159,152,108,71,59,65,91,145,157,155,129,94,71,75,98,146,158,151,112,95,97,85,73,65,64,87,97,95,85,71,63,67,84,99,98,89,72,58,59,69,84,89,87,76,63,60,60,62,66,74,73,71,71,68,58,29,20,24,32,50,56,51,58,88,137,150,151,119,88,66,65,84,123,147,150,125,92,68,59,73,105,127,139,131,99,73,62,69,99,137,148,148,109,79
161,158,119,80,64,70,99,144,157,154,111,68,61,64,93,144,158,154,110,73,62,65,97,137,153,156,125,92,72,69,100,150,134,96,92,101,92,83,65,64,79,95,104,96,82,66,64,74,92,99,96,78,66,62,67,78,88,94,86,69,57,52,52,61,68,75,81,77,67,65,66,64,46,23,21,21,19,31,57,89,134,153,148,116,89,64,63,83,123,140,145,130,95,68,62,71,103,124,140,134,101,75,64,71,99,138,151,142,109,77
160,161,122,82,66,70,98,145,158,155,114,74,61,65,95,142,159,156,112,73,61,64,96,139,160,155,125,95,73,72,103,110,84,83,94,104,93,74,68,74,89,107,97,85,71,64,68,88,101,96,87,72,64,64,72,92,101,98,77,59,56,51,55,66,79,88,90,82,67,60,60,58,63,58,28,20,17,16,37,87,137,150,144,115,84,67,61,80,115,140,149,132,97,72,67,75,105,126,142,133,98,70,61,69,98,136,151,145,111,76
159,161,121,83,67,70,98,144,157,155,117,78,60,63,96,143,162,156,114,81,65,69,94,142,160,157,129,95,74,81,89,87,81,94,97,88,79,72,67,80,101,116,105,77,68,69,81,100,106,97,82,66,60,65,82,97,101,89,67,53,49,53,65,84,90,87,89,82,66,59,60,60,65,62,62,39,20,18,15,37,115,154,148,115,82,63,59,77,121,139,149,129,95,73,65,76,106,130,142,135,99,71,61,67,96,136,150,149,114,78
160,159,116,81,65,70,98,142,153,153,116,80,64,67,97,144,162,158,118,82,68,68,98,145,159,163,131,101,91,101,92,80,85,104,124,109,76,65,68,94,116,121,108,80,67,73,98,109,110,94,68,57,58,74,89,100,102,85,64,57,51,52,74,95,99,97,80,66,59,59,59,61,63,65,71,70,48,20,23,17,33,107,143,111,76,61,64,81,120,147,150,131,94,71,61,73,105,132,143,137,101,71,59,65,95,135,147,146,118,81
160,159,117,82,66,72,100,143,153,153,118,82,67,69,96,143,159,158,121,77,67,70,99,144,159,159,133,108,115,109,85,81,90,108,117,95,72,63,73,104,121,121,96,72,67,80,111,113,108,86,65,57,57,78,97,107,100,75,62,52,54,63,80,106,115,106,84,63,60,55,53,58,64,72,72,68,68,58,26,19,19,25,85,108,76,58,59,78,120,142,151,134,95,69,62,71,105,132,145,141,106,75,61,69,100,138,148,145,116,83
158,158,120,86,70,75,104,147,156,155,120,75,65,69,99,147,160,160,121,75,67,73,98,140,160,158,136,111,114,104,80,81,97,112,110,87,67,66,80,107,117,105,85,69,67,88,114,125,116,87,67,60,70,90,103,109,97,71,60,55,59,68,88,100,107,101,82,59,51,53,57,63,74,74,77,71,69,67,57,21,23,21,24,47,70,52,60,80,117,139,146,134,95,70,64,72,102,130,147,138,105,77,63,70,101,138,148,142,111,82
159,156,121,86,69,74,103,147,155,152,117,75,62,68,98,144,156,159,118,82,67,69,98,141,158,155,114,118,114,93,80,80,103,113,105,81,67,70,92,114,115,93,73,61,74,105,119,134,115,82,66,61,72,93,105,108,91,69,60,53,63,83,96,101,103,82,64,55,51,55,60,74,77,80,77,72,67,63,62,53,21,18,19,21,36,53,51,76,116,134,143,136,95,72,62,72,99,129,145,136,104,78,66,72,101,138,148,140,111,81
159,161,121,83,69,76,101,147,153,154,117,78,64,66,96,141,157,155,119,81,69,75,102,143,159,132,108,121,109,83,76,84,106,115,99,74,67,78,109,125,116,90,69,63,78,115,117,132,107,78,62,65,89,102,104,105,84,61,58,58,69,89,101,105,101,71,59,52,51,57,67,92,82,82,78,70,65,63,66,60,48,18,20,20,17,40,51,72,119,142,145,133,99,74,60,71,99,134,142,136,103,76,65,74,102,138,150,144,111,83
158,157,122,85,69,75,104,149,154,153,119,82,70,69,100,143,156,156,118,83,73,74,99,143,150,102,118,122,98,79,75,92,111,118,91,75,70,88,119,128,111,82,70,69,90,122,131,118,95,73,68,79,111,125,118,98,73,63,62,65,73,93,106,107,98,71,55,51,58,63,79,89,94,83,79,70,57,62,62,63,65,45,19,18,15,20,49,78,117,141,146,136,100,73,61,74,102,134,142,137,103,73,65,74,99,139,149,146,113,83
157,154,120,84,69,73,105,149,156,153,121,79,66,70,103,146,164,157,120,83,71,70,101,148,123,103,118,122,93,75,80,110,121,111,85,69,70,100,123,127,113,85,77,80,107,129,130,111,90,84,68,79,109,122,120,98,69,61,58,67,83,97,108,102,92,68,56,54,59,73,88,91,87,83,77,64,58,55,60,62,66,64,31,17,19,18,40,70,118,136,145,134,102,76,66,72,98,130,142,133,102,76,66,70,94,137,153,143,114,83
161,155,120,83,69,73,106,149,156,155,120,80,69,68,103,146,161,155,118,83,67,73,105,133,99,109,132,117,90,74,84,119,123,100,80,71,78,115,131,131,108,81,80,81,112,127,129,104,85,82,71,81,116,128,122,96,65,58,59,65,92,111,108,107,83,64,54,55,66,81,105,104,88,88,75,61,61,61,62,63,64,66,60,25,18,18,22,69,117,136,147,133,100,73,66,77,103,133,145,141,102,75,62,71,100,134,146,146,116,80
160,156,116,84,70,74,105,147,155,155,123,81,65,71,99,143,159,155,120,87,77,90,140,121,93,115,126,112,86,77,91,117,128,103,78,70,84,118,133,130,103,76,76,91,124,137,140,108,84,72,74,90,120,130,122,92,65,56,62,73,96,115,112,107,77,56,52,56,66,88,101,101,100,82,71,57,57,64,60,63,62,63,67,50,20,21,20,50,116,141,147,139,100,72,64,79,105,135,144,141,104,79,66,73,103,137,151,148,118,83
158,159,119,78,66,76,110,152,157,152,120,84,71,71,101,148,159,157,119,86,79,132,158,102,94,126,130,109,83,82,99,130,135,105,72,68,86,117,134,129,103,79,75,96,133,142,134,107,81,82,88,108,122,128,119,90,64,57,62,79,102,113,112,94,79,58,52,59,76,95,99,98,97,78,66,57,59,61,61,66,64,64,65,73,37,19,19,21,95,141,142,138,100,73,64,76,102,136,146,145,109,79,69,75,99,137,148,147,118,90
156,161,123,85,68,77,104,148,154,154,124,83,70,76,103,149,163,159,121,89,83,154,130,94,99,127,128,112,86,80,99,130,128,95,74,76,96,129,144,134,98,74,78,108,143,150,138,101,72,71,82,118,134,135,118,84,69,67,75,94,106,112,115,98,74,60,59,64,86,107,109,98,92,71,59,56,54,59,60,65,69,64,69,64,65,21,17,19,36,120,145,137,102,75,66,75,103,134,143,142,108,77,67,73,98,136,149,150,121,89
159,163,129,88,71,80,102,147,155,154,121,82,70,74,103,147,163,161,123,89,90,149,108,92,107,129,128,99,83,84,110,137,126,91,77,77,108,145,151,130,96,78,87,123,142,153,130,93,77,70,85,116,134,128,114,86,69,67,76,109,122,114,112,93,72,63,59,67,92,112,113,102,88,72,57,52,51,56,60,63,65,73,69,69,68,38,17,18,22,84,141,130,99,73,67,74,104,137,147,140,107,78,64,70,98,136,149,146,121,88
159,164,127,88,71,77,105,146,159,152,120,80,68,74,100,147,164,161,129,90,89,133,99,88,111,130,124,98,87,89,120,135,124,90,76,89,125,145,143,122,94,80,94,134,151,153,129,97,76,74,94,121,141,139,116,87,71,73,84,105,130,134,116,93,75,59,60,79,103,120,112,107,90,69,56,51,51,57,63,60,67,69,71,69,74,62,19,19,19,39,124,130,98,75,69,74,106,133,142,139,106,78,66,72,100,141,149,155,121,88
157,160,124,86,69,77,103,146,158,160,122,84,70,77,99,146,159,163,128,93,84,119,95,92,117,136,127,95,83,92,123,144,128,95,81,92,132,146,145,122,92,80,100,144,159,158,128,97,80,79,99,125,140,140,113,83,71,72,90,119,125,134,114,88,71,60,59,83,111,123,117,110,88,69,60,54,54,62,63,67,69,70,72,74,72,72,26,18,18,25,69,129,96,74,68,76,103,134,146,144,105,81,67,76,96,140,148,154,121,89
157,159,124,88,71,78,109,145,158,160,125,88,72,77,100,141,158,162,130,94,91,116,98,100,125,139,121,93,84,99,132,154,128,92,79,99,136,147,143,113,85,80,107,152,162,157,123,92,74,80,106,134,147,136,106,82,68,68,91,125,130,131,110,87,67,67,68,86,112,127,128,107,83,69,58,58,60,64,69,75,73,75,71,70,71,74,55,21,21,22,35,117,94,75,64,73,103,137,151,142,107,79,65,74,95,138,147,150,125,86
159,158,124,89,72,78,110,145,157,156,123,89,77,78,103,144,157,161,128,92,102,114,99,104,133,143,122,93,86,104,132,146,120,89,82,104,135,152,141,105,81,81,108,146,157,156,127,96,80,88,116,145,153,142,106,81,73,76,103,126,143,130,108,85,67,69,75,95,126,133,128,118,87,63,60,54,58,65,77,76,76,77,72,71,72,69,74,27,18,22,23,45,85,72,65,74,99,135,146,141,107,76,62,70,94,135,144,148,124,87
161,159,123,86,71,81,106,147,160,158,125,83,74,76,100,149,158,164,130,94,112,108,95,107,135,139,118,87,88,110,132,140,114,88,86,106,138,156,143,111,89,88,114,145,158,155,125,97,88,96,126,148,155,136,103,81,72,94,115,135,145,139,106,81,70,69,77,106,126,140,128,115,81,64,55,57,62,74,85,77,79,74,73,71,70,65,70,36,20,20,22,24,68,64,63,72,101,133,147,143,107,76,63,72,92,133,145,145,125,87
159,156,121,89,73,81,106,147,159,156,126,85,75,75,99,148,157,161,127,95,117,105,93,111,138,139,113,83,87,118,141,146,108,85,87,114,150,158,143,117,94,93,118,148,155,146,116,90,89,101,136,159,162,139,104,88,82,96,125,143,147,146,106,81,71,70,80,110,127,136,133,104,84,62,56,56,63,77,86,88,86,80,78,72,71,70,66,56,18,20,18,18,57,62,58,69,97,133,147,141,108,76,67,72,97,137,147,147,120,90
162,158,125,90,75,79,108,147,159,154,126,87,74,74,101,147,161,162,129,103,122,105,96,112,139,139,109,84,87,120,146,150,108,83,91,118,151,157,140,113,96,100,131,158,162,148,116,91,89,101,140,162,169,142,108,90,84,96,130,147,152,148,109,81,67,69,82,110,125,136,125,103,84,63,55,57,67,79,89,94,86,86,77,68,69,68,70,67,27,20,21,20,33,60,63,70,97,131,145,139,109,77,66,71,98,136,146,148,124,90
162,159,123,89,76,82,107,150,159,159,125,89,71,76,98,148,160,163,130,112,123,101,99,117,140,135,104,86,92,120,146,147,108,81,87,123,152,160,142,110,98,104,141,165,169,155,116,93,88,105,142,169,165,141,107,81,87,102,130,149,153,149,114,80,69,71,84,113,133,138,127,96,81,62,60,59,68,86,95,96,90,89,78,71,64,67,68,72,40,20,22,24,25,53,64,77,103,135,149,143,109,79,65,74,95,136,147,145,126,93
160,160,125,88,76,81,108,148,159,159,125,88,74,76,102,146,159,162,127,118,123,96,96,119,143,133,104,86,98,123,145,143,104,83,95,137,159,164,142,111,102,108,143,170,171,156,114,92,90,105,143,169,162,134,97,81,80,104,131,152,157,145,112,83,73,75,86,116,137,142,132,99,77,67,59,59,72,90,97,100,91,90,76,70,64,67,67,74,53,22,21,18,18,42,61,76,101,131,145,143,111,81,63,69,96,137,147,145,121,92
157,157,126,86,75,79,108,149,157,156,125,87,71,74,101,144,158,160,128,121,122,97,98,128,147,136,99,87,99,124,150,145,109,91,108,145,163,167,144,116,103,111,152,174,175,163,117,95,93,112,152,165,167,139,101,81,86,103,131,149,165,145,104,82,76,77,88,117,139,145,132,103,76,63,58,63,73,92,99,104,93,91,81,69,64,63,68,73,58,22,20,18,17,33,64,78,98,128,148,147,111,75,64,68,96,137,151,149,125,91
159,160,128,87,73,78,108,147,158,159,123,86,77,80,105,143,158,160,130,126,121,94,96,127,140,134,95,85,100,130,153,146,111,94,106,146,169,172,149,115,105,112,156,175,185,166,127,101,99,123,152,169,169,140,106,83,84,101,136,158,163,141,104,80,74,79,96,121,143,143,127,97,77,59,64,66,82,94,109,105,100,86,77,69,65,60,67,72,68,29,21,22,19,28,60,80,97,131,145,143,113,78,68,67,94,135,151,148,122,92
156,154,124,90,74,79,108,148,161,160,123,87,75,75,101,140,157,158,128,130,118,101,103,130,149,134,102,84,101,136,151,142,105,96,108,148,168,170,151,115,103,114,165,185,184,164,128,103,106,124,154,168,167,142,110,89,83,101,129,162,167,142,98,78,72,76,100,124,146,141,121,97,80,65,65,69,84,99,106,106,102,90,76,67,66,59,63,69,72,35,20,20,17,23,54,73,97,133,142,142,112,79,69,71,96,133,149,147,123,89
159,156,124,91,76,79,108,153,160,157,126,90,73,74,101,142,156,157,130,135,119,100,104,136,151,138,104,89,102,135,148,136,101,93,108,146,163,168,148,119,108,119,162,184,179,162,125,105,111,130,157,170,167,141,113,96,86,105,127,156,162,138,100,78,71,76,96,133,152,143,123,96,78,66,64,69,83,103,104,107,102,93,77,67,65,61,60,69,73,43,20,21,18,22,55,69,94,124,142,142,110,78,67,73,95,132,154,147,120,87
160,157,125,85,73,79,108,150,159,156,126,89,76,77,101,145,158,158,133,134,116,99,104,138,150,129,94,86,103,135,146,132,101,93,107,150,168,171,143,114,111,124,160,183,178,166,131,111,109,139,166,174,170,140,115,93,83,104,134,161,161,124,106,74,73,79,99,131,147,137,121,91,74,63,66,70,85,102,110,106,104,88,77,69,65,62,60,69,71,48,21,19,19,20,52,73,96,124,148,141,110,83,68,70,92,132,157,148,125,87
158,156,128,85,73,81,108,146,157,155,117,86,74,74,97,141,160,154,126,135,119,101,107,138,148,131,97,91,112,143,150,129,102,94,109,155,176,176,148,121,113,122,164,194,180,168,135,111,108,139,176,171,171,140,111,92,85,104,141,173,175,128,101,72,72,76,104,132,143,140,123,98,77,65,65,72,85,101,108,112,107,88,80,69,64,61,60,67,69,52,21,23,22,22,49,74,97,126,145,143,112,83,68,71,94,132,148,149,125,88
159,156,125,90,75,78,107,147,156,151,116,87,79,77,101,142,158,151,125,136,118,101,106,132,149,126,101,93,110,140,148,133,104,96,111,153,177,178,145,123,112,124,167,191,185,162,135,110,116,148,171,174,166,136,110,100,91,108,150,175,173,147,106,81,69,77,105,129,144,144,124,92,75,62,70,69,83,100,108,120,112,88,77,68,65,61,61,66,69,55,21,25,23,24,50,71,99,129,145,147,112,84,71,73,94,133,147,155,130,88
159,156,125,91,78,82,115,148,162,156,119,88,78,76,102,142,158,138,124,136,114,100,107,135,147,127,100,91,108,139,153,134,106,95,109,147,173,175,148,120,112,132,174,194,189,161,138,115,122,142,161,177,155,118,114,96,91,104,149,178,167,145,113,85,71,82,105,131,141,138,127,96,77,62,68,73,82,101,108,123,113,85,79,70,65,67,65,65,72,60,19,18,21,23,47,72,97,129,147,144,113,80,68,68,91,130,142,148,127,92
159,159,125,86,76,83,114,150,162,155,122,86,77,77,102,143,156,134,125,137,119,99,111,137,152,123,96,89,107,135,154,132,106,94,110,148,169,169,151,121,115,128,169,186,188,171,143,117,123,130,160,178,164,125,110,97,93,106,147,157,155,129,99,85,78,82,105,133,141,138,135,97,76,63,66,74,83,98,116,114,106,87,78,67,64,65,62,64,68,55,19,23,24,28,50,80,100,132,144,144,111,84,70,73,93,131,146,147,125,97
160,163,130,89,77,81,111,151,159,154,120,86,76,74,104,146,155,126,126,137,119,100,107,136,153,129,100,87,110,143,157,136,103,96,110,156,173,179,158,123,113,125,168,179,190,168,139,118,121,143,167,178,175,145,115,96,100,106,149,160,153,129,99,80,80,90,103,128,134,136,135,91,74,62,63,69,81,98,114,120,111,86,78,73,70,64,64,68,71,59,19,22,23,28,54,81,101,134,145,146,113,89,70,73,94,133,143,150,133,94
157,162,129,90,76,80,108,145,155,153,123,87,75,74,104,147,157,120,125,140,119,102,107,140,147,128,111,86,107,137,156,135,106,97,113,156,173,178,156,123,114,125,167,188,189,170,132,118,117,139,180,173,175,151,120,94,90,110,148,159,169,139,96,81,83,79,94,125,129,143,137,96,79,67,68,67,78,105,114,118,108,90,78,68,65,62,62,65,70,58,20,21,22,26,57,75,102,132,146,146,116,86,66,71,91,129,139,149,131,95
157,163,130,94,79,81,111,144,156,154,123,86,76,78,105,146,161,120,125,138,116,101,110,135,148,132,105,91,105,135,160,141,106,98,118,154,172,174,156,122,115,121,163,191,190,167,134,117,113,142,170,159,157,147,117,94,80,105,146,157,166,145,104,86,87,77,95,126,136,153,138,108,79,68,67,66,80,104,112,113,108,88,76,70,71,66,66,70,73,55,23,22,22,25,57,73,99,131,144,144,115,84,68,72,91,131,143,149,130,92
157,161,128,95,78,83,116,148,162,155,121,89,77,80,108,147,160,121,125,138,119,99,111,142,155,134,106,98,111,144,166,149,107,100,117,152,173,176,156,124,111,120,162,190,197,169,136,117,118,137,160,161,166,148,118,98,78,108,144,150,157,150,112,86,89,88,102,122,150,156,139,107,79,65,63,68,87,106,113,112,109,97,83,76,69,70,76,73,76,53,24,23,22,34,63,77,97,131,144,144,120,87,73,75,94,133,145,147,125,93
160,160,125,90,77,83,113,148,159,156,124,91,76,77,105,148,159,127,126,141,124,103,107,138,153,138,101,98,111,140,161,146,114,102,114,146,166,172,150,122,108,121,156,178,181,165,138,112,109,125,159,177,182,155,119,94,87,107,141,147,142,145,118,94,84,85,96,127,163,156,138,106,86,69,65,66,82,106,112,108,103,96,77,75,64,62,71,69,75,45,21,22,26,42,68,79,95,127,145,146,122,91,72,75,94,131,142,144,131,95
157,160,123,91,77,80,107,146,158,157,126,90,76,76,97,145,161,137,124,140,127,103,105,139,152,139,106,98,110,143,161,154,116,106,113,147,170,175,155,121,109,117,145,169,176,166,140,116,106,117,156,176,177,148,117,94,91,107,135,146,144,151,127,102,79,82,94,136,161,149,131,107,87,69,67,69,84,103,106,111,108,95,81,75,71,65,68,70,75,36,23,23,28,44,69,77,94,123,143,144,117,85,68,72,90,128,140,145,131,102
157,158,124,94,80,81,108,143,161,159,127,88,76,74,99,145,160,149,126,137,132,104,103,134,143,137,109,100,111,142,157,149,116,103,113,137,165,172,155,121,108,113,145,170,173,164,138,116,105,118,149,171,166,134,107,90,94,105,132,144,151,151,126,105,80,78,93,142,155,146,139,109,90,72,67,70,80,98,100,110,100,94,79,75,71,68,69,76,80,34,24,24,31,49,69,82,101,129,147,143,119,83,65,74,92,128,147,149,134,96
157,159,128,96,79,81,106,149,157,154,121,85,77,75,100,143,157,153,130,135,125,107,105,136,146,136,108,100,110,137,155,150,122,104,111,139,160,169,155,125,107,107,134,166,172,165,137,113,101,113,142,166,167,139,109,95,93,104,133,154,163,148,122,103,83,78,98,131,141,143,132,109,99,76,68,70,76,92,102,107,100,94,84,73,74,70,77,79,74,25,23,25,40,54,73,77,96,132,149,145,119,83,71,76,98,128,145,149,134,94
160,161,127,98,83,81,106,145,155,157,127,89,74,72,99,143,158,155,129,139,130,105,103,127,148,141,112,100,107,137,158,156,118,102,110,133,159,173,159,130,108,107,131,159,171,167,141,114,104,110,136,158,173,155,118,96,85,98,130,158,165,142,117,99,81,75,92,118,135,129,125,128,104,81,71,73,75,90,96,103,99,92,89,77,77,73,76,77,65,24,25,29,42,68,68,74,100,134,148,147,121,85,74,73,98,132,151,150,133,97
163,159,123,93,82,83,110,149,161,158,125,92,75,74,102,143,155,156,131,133,128,104,106,125,146,142,113,100,101,130,158,164,122,102,105,131,159,171,158,130,109,108,130,156,167,164,137,107,97,103,128,158,171,159,127,101,82,90,123,148,158,146,117,99,81,76,84,105,117,131,142,140,105,87,76,73,74,84,96,99,94,95,86,80,78,77,78,76,55,23,25,39,56,76,69,75,97,138,151,146,120,84,70,73,96,132,145,149,133,99
159,164,131,95,77,84,111,149,160,158,129,90,77,77,104,142,155,159,135,135,130,106,105,123,142,146,125,97,101,126,153,162,129,103,102,125,155,167,160,129,106,101,124,158,169,167,140,105,93,94,119,151,165,156,125,98,87,93,116,142,155,150,121,99,84,79,79,100,135,144,147,147,111,90,77,71,71,78,92,97,93,85,87,79,76,73,79,74,37,20,31,41,81,79,68,72,97,134,150,146,121,86,69,72,90,128,141,147,136,99
162,163,131,99,81,85,110,145,163,158,130,91,79,81,104,145,158,160,135,129,129,110,104,119,148,146,121,101,100,120,144,160,134,106,99,119,154,162,159,132,111,103,119,157,171,173,150,112,98,96,120,155,166,157,127,98,86,88,109,136,149,144,126,104,86,75,79,107,134,143,144,151,115,89,81,71,72,78,86,95,94,89,91,83,79,72,76,74,28,27,39,59,106,77,67,74,93,131,146,148,124,92,75,72,90,124,142,145,134,97
161,164,131,98,81,84,108,142,158,157,132,93,81,85,105,145,159,161,136,124,132,114,104,113,152,149,124,103,98,118,139,157,132,105,99,111,149,160,154,132,113,106,119,152,169,173,153,115,101,98,122,157,170,161,129,99,89,84,98,127,147,142,134,110,88,77,87,103,131,142,149,148,114,90,76,72,72,75,86,89,88,104,86,81,79,76,75,59,27,34,50,113,115,85,70,79,92,126,148,147,120,91,77,73,93,122,139,148,134,98
160,165,130,100,82,84,108,151,158,157,132,95,81,84,104,145,159,161,138,118,130,117,104,104,137,147,125,103,97,113,136,156,139,106,98,104,141,154,153,137,114,105,113,148,169,176,157,118,103,99,120,150,164,161,130,102,86,81,94,128,153,149,138,111,90,81,83,100,125,138,147,132,119,83,75,72,71,74,81,86,87,91,82,78,78,82,81,37,30,43,77,146,118,90,77,80,97,132,145,148,120,93,73,69,91,128,144,146,135,100
156,158,128,97,79,83,109,153,163,159,135,97,84,85,106,148,161,162,134,106,123,121,109,104,127,141,136,107,100,110,133,152,139,105,97,101,131,153,156,142,117,104,109,135,156,168,150,123,105,99,118,142,151,155,135,103,94,87,99,140,162,150,145,112,92,79,77,91,119,128,132,136,116,87,79,72,72,66,71,79,82,80,76,79,75,78,67,30,42,58,123,149,115,92,77,76,99,129,147,144,122,92,75,75,90,128,141,148,137,103
162,160,129,93,80,81,106,151,160,161,131,94,83,86,111,147,163,162,135,100,109,125,112,106,121,140,135,112,100,104,132,151,145,112,97,98,123,150,154,145,125,105,108,131,153,164,156,125,105,95,108,127,145,155,142,112,96,89,96,125,149,146,140,115,91,83,78,86,108,118,129,127,113,93,80,75,74,70,74,76,81,74,76,76,80,84,32,36,48,83,152,152,116,90,76,77,93,126,150,147,124,89,76,77,89,123,142,147,135,101
163,161,129,94,78,82,107,147,159,156,134,92,82,85,110,146,162,162,135,102,95,124,113,101,118,135,135,116,103,100,128,147,141,110,102,100,117,150,161,152,127,104,109,130,150,162,158,134,106,98,97,122,145,150,143,118,96,87,87,114,136,146,145,122,102,87,77,84,99,117,127,121,119,96,83,73,74,69,73,79,75,76,78,81,85,61,34,42,60,129,151,153,119,89,73,76,94,128,150,147,126,86,79,77,90,122,142,153,140,102
162,161,127,96,82,82,110,148,158,156,132,94,81,85,106,145,160,164,136,104,91,105,118,103,111,135,132,117,100,97,114,148,143,114,99,100,110,136,146,145,128,104,102,118,147,160,161,132,103,90,89,112,140,150,149,122,92,83,88,106,128,142,144,123,103,82,80,82,96,116,121,118,117,96,84,77,71,71,74,79,77,71,76,78,75,35,40,49,98,148,150,150,122,92,75,75,94,128,146,146,127,88,78,75,89,122,141,151,139,103
160,159,128,97,81,85,103,148,159,157,129,95,81,80,105,142,158,163,138,101,89,99,112,103,101,137,136,121,104,97,109,141,152,125,102,95,102,128,143,147,131,107,99,110,142,158,159,134,108,90,93,105,138,151,148,121,96,86,87,100,121,133,138,129,104,83,84,76,91,106,114,120,111,103,89,80,71,68,73,72,79,72,82,84,49,35,43,65,111,143,153,156,122,90,75,75,96,129,144,148,128,95,79,75,90,125,145,151,141,105
155,158,128,98,79,86,102,146,160,157,132,96,78,79,103,145,156,162,137,104,92,92,106,108,108,124,137,128,108,97,107,125,148,131,111,99,108,129,144,147,131,105,96,104,130,152,150,136,112,94,93,106,123,139,145,126,98,86,88,91,110,124,142,130,106,89,81,76,85,98,112,113,106,99,90,83,77,74,76,74,79,79,80,61,40,44,54,82,108,140,152,156,121,90,75,76,98,130,146,148,129,97,78,75,90,125,145,150,139,103
156,156,125,95,84,81,106,144,154,158,132,98,80,84,106,149,159,163,138,103,90,95,109,134,108,114,135,134,110,96,98,121,137,132,110,101,100,122,149,155,139,109,98,99,123,144,151,137,115,96,92,104,122,138,146,129,102,87,84,83,102,121,144,128,111,95,81,76,77,88,104,108,109,101,97,91,80,82,73,75,83,85,74,42,44,54,73,83,106,135,155,148,118,93,76,76,94,126,144,147,129,95,76,74,87,125,143,152,141,104
159,157,127,93,82,81,103,143,154,156,127,96,85,83,107,147,164,161,136,104,89,93,112,148,135,110,130,139,122,98,96,117,133,133,116,100,99,116,138,148,143,114,105,97,115,137,146,141,118,99,92,99,121,136,140,126,102,92,87,83,94,114,125,124,113,93,79,77,75,80,87,98,100,99,93,92,86,79,81,82,84,78,42,49,57,75,78,79,105,139,156,153,119,91,75,77,94,123,144,146,132,93,72,74,89,125,143,151,141,107
161,163,133,97,84,84,108,149,158,156,129,89,80,81,104,145,161,163,133,101,87,87,107,144,156,130,118,133,119,101,95,106,125,130,119,103,94,101,127,145,143,123,116,99,104,132,142,140,122,105,93,95,107,121,133,130,110,89,82,79,87,103,118,122,115,94,87,81,76,81,84,87,94,94,94,90,85,88,85,84,85,49,53,71,99,86,77,82,110,142,156,158,121,96,79,78,88,125,144,145,131,95,77,74,91,123,146,148,139,105
162,162,135,96,82,85,111,150,158,157,130,93,81,80,101,146,161,164,135,103,85,90,105,144,156,153,129,126,126,106,96,102,128,141,130,108,99,97,123,134,139,118,104,94,104,126,144,137,126,106,94,90,100,115,127,130,112,88,83,80,81,93,108,119,113,99,87,79,79,78,80,83,85,89,96,96,89,91,91,84,54,57,94,132,115,89,77,84,108,142,153,154,121,90,79,81,93,125,144,142,131,98,79,74,86,122,142,152,141,106
162,162,136,97,79,86,107,150,154,159,132,92,80,81,101,146,159,160,132,100,92,87,106,144,158,160,147,126,127,115,105,98,114,133,136,120,101,95,108,131,136,126,103,94,97,109,124,133,124,106,94,89,89,107,122,122,114,93,81,76,79,88,99,108,106,102,90,81,78,77,79,79,83,87,88,97,93,95,87,57,60,104,152,145,112,90,77,83,107,140,156,149,124,90,78,80,96,127,145,143,130,92,76,74,88,121,140,146,140,107
162,162,133,96,78,85,111,150,155,158,129,93,81,82,102,146,159,158,132,98,85,84,105,149,160,159,147,120,111,114,107,102,110,127,129,114,94,89,99,122,132,130,110,95,90,100,123,128,124,107,93,84,84,100,114,119,115,94,79,76,78,80,92,97,104,102,95,90,86,84,83,79,80,81,87,92,84,74,55,65,119,152,155,147,118,91,78,84,112,140,157,153,124,94,79,78,94,133,144,143,131,96,82,76,90,122,145,146,140,111
163,164,128,99,81,84,113,149,158,159,128,93,81,78,100,144,159,159,135,97,84,86,100,147,161,165,157,114,95,109,110,102,102,113,123,116,97,92,94,114,129,131,116,101,91,92,109,116,125,107,98,86,85,93,105,111,112,104,87,85,80,80,87,93,101,100,100,96,87,89,85,79,84,86,85,84,66,58,68,90,127,153,155,150,122,86,74,85,115,141,159,155,120,92,78,76,92,128,142,142,129,97,78,75,89,119,146,149,140,112
162,165,131,100,83,84,109,149,158,160,128,91,78,77,99,142,159,159,135,96,84,80,101,145,161,160,148,116,97,93,109,118,102,105,120,118,111,104,95,102,115,125,121,104,96,90,102,119,125,136,110,93,86,92,100,102,109,112,99,87,83,83,80,85,93,95,99,97,99,91,89,88,90,91,79,64,72,80,81,89,130,146,156,152,121,89,76,89,114,142,153,151,121,90,78,75,93,124,144,145,130,99,74,78,93,120,142,146,141,109
159,162,131,97,82,84,112,146,161,157,127,90,79,79,101,142,157,161,134,103,85,85,105,142,157,166,151,121,97,96,111,142,140,115,113,118,119,108,101,97,110,120,126,116,102,96,92,104,120,123,118,98,89,90,92,97,105,106,102,89,81,80,76,80,89,92,93,100,97,95,95,94,80,71,94,108,108,88,80,92,124,153,158,149,118,89,75,87,111,142,150,149,127,92,76,75,94,126,145,146,131,103,77,71,88,120,141,144,144,108
159,160,133,97,83,85,107,144,158,159,130,87,78,81,101,141,155,163,137,98,85,85,100,143,160,164,150,120,99,93,110,146,156,160,135,123,123,113,99,96,99,120,132,126,108,95,92,98,117,121,125,113,92,89,88,87,99,106,103,97,84,81,84,81,86,86,89,99,102,89,81,74,86,129,153,144,112,89,82,88,120,151,164,148,117,89,76,86,109,140,151,152,129,95,76,74,89,123,144,148,131,96,76,69,90,120,141,150,142,107
161,159,131,97,82,84,107,142,159,157,130,90,74,81,100,142,151,158,133,96,82,83,99,142,159,167,149,116,101,96,109,141,157,163,148,120,106,110,103,97,95,106,114,119,109,92,88,88,108,120,122,118,100,88,88,88,91,99,100,101,98,87,92,81,83,85,88,88,77,64,70,87,130,149,155,142,114,87,80,90,124,149,157,148,118,88,78,84,109,142,154,152,127,100,76,75,88,124,145,149,132,98,77,78,93,122,139,151,144,106
161,157,131,98,82,84,107,146,157,157,131,95,79,79,100,140,151,160,134,94,84,82,103,144,160,164,152,117,101,96,112,142,159,165,151,118,96,94,101,107,105,99,110,117,117,108,97,96,100,106,111,110,102,99,93,88,92,92,97,98,102,101,95,93,89,87,84,83,81,83,83,93,129,149,156,145,114,86,79,87,123,147,154,150,115,90,73,81,99,138,153,153,124,96,81,76,90,125,144,150,134,103,80,76,90,116,145,149,143,110
161,158,131,95,83,84,104,145,158,156,130,93,78,79,100,142,152,162,135,97,83,81,97,143,157,162,151,118,97,93,109,143,163,164,149,118,96,89,97,121,140,135,127,115,114,107,100,95,94,99,110,108,109,106,98,93,93,91,92,97,98,96,89,86,100,126,144,133,99,83,80,92,130,151,161,144,110,90,82,92,124,149,153,151,119,92,74,80,101,135,152,153,121,94,82,76,89,123,141,149,135,108,82,76,91,110,140,152,146,111
159,159,131,95,84,83,106,145,160,156,129,93,78,82,101,141,155,159,134,96,83,84,97,144,156,161,150,116,94,94,108,142,162,164,150,116,92,86,94,118,142,157,155,116,97,93,98,113,122,120,116,108,108,102,99,104,117,121,122,108,91,80,87,97,132,154,153,135,100,87,84,92,133,153,160,144,107,88,80,93,126,149,156,149,121,91,77,82,108,136,150,151,120,92,76,78,93,127,143,148,136,111,84,76,90,117,136,152,142,110
159,160,131,98,82,83,108,144,157,154,126,94,79,82,102,142,158,162,138,93,83,83,101,141,155,162,151,118,95,94,107,144,163,165,151,116,96,84,94,123,148,161,155,112,90,87,95,124,148,160,156,125,102,90,95,118,154,160,158,133,100,79,79,95,132,158,148,135,105,91,85,95,135,155,155,144,111,84,79,90,128,145,156,149,120,91,77,87,113,139,150,151,126,97,78,76,91,125,143,150,136,104,82,79,91,121,136,150,140,109
158,159,131,99,84,84,106,145,156,156,126,93,81,79,101,139,154,159,131,96,81,81,101,138,154,160,150,119,95,91,103,144,163,164,150,114,93,85,98,127,147,160,149,115,96,86,95,125,148,160,156,128,96,79,85,111,150,163,160,131,100,83,81,96,130,154,152,137,110,86,81,91,127,145,154,144,111,85,77,88,126,144,154,151,118,89,78,86,110,142,152,150,127,94,78,77,94,123,145,149,137,101,86,78,85,118,142,151,145,112
157,161,133,99,87,87,109,147,159,159,129,96,84,79,102,141,158,161,132,95,80,80,101,143,157,159,145,113,93,90,101,142,159,161,149,116,92,85,95,123,146,161,150,113,95,85,98,126,147,156,157,132,100,82,88,113,148,164,157,129,103,82,82,95,134,154,152,135,109,83,80,92,128,145,155,144,108,84,74,86,121,146,156,151,118,86,76,82,107,137,151,151,130,96,79,77,92,122,145,149,136,100,84,80,89,119,142,148,145,114
157,162,134,102,90,87,111,148,158,156,130,96,83,79,99,137,156,157,129,92,80,76,99,142,160,160,145,112,91,87,99,141,160,159,144,109,92,82,94,124,150,153,150,114,95,86,96,123,145,158,157,131,100,88,89,117,153,161,157,133,101,80,84,95,129,154,159,139,106,84,86,97,133,147,155,143,106,84,80,88,120,146,157,152,121,87,77,82,107,139,150,152,130,98,78,77,91,123,143,146,131,104,81,77,89,123,142,150,146,112
160,161,130,100,86,85,107,146,160,160,132,93,78,77,96,137,154,155,131,92,82,80,99,141,158,162,147,117,95,87,101,139,157,162,148,114,91,88,95,126,146,154,151,116,95,85,96,121,149,154,159,131,101,85,92,116,153,160,159,127,105,83,83,97,127,149,153,138,102,84,73,90,125,145,154,142,111,83,80,89,121,150,157,157,122,92,79,84,105,135,153,150,131,98,81,78,92,124,144,152,142,102,77,73,93,121,141,152,150,115
161,162,128,100,87,87,109,147,159,159,133,91,80,77,96,136,153,158,133,93,81,77,100,138,157,157,143,118,94,87,103,140,156,161,151,113,92,87,94,123,146,156,153,113,93,84,91,118,148,156,159,127,105,86,90,113,151,162,157,128,106,85,84,97,126,149,157,138,105,82,78,90,125,145,153,142,112,85,81,89,121,148,156,156,124,93,78,79,101,136,150,150,130,100,83,81,96,123,141,152,139,102,82,75,87,115,140,151,147,121
