87,135,152,153,130,81,59,62,96,140,151,154,128,86,63,55,78,129,148,151,123,77,59,56,82,131,147,155,130,85,65,65,85,130,152,154,131,89,66,63,79,121,144,152,137,89,64,62,78,118,139,151,137,89,61,56,69,110,145,153,143,99,65,60,80,113,139,151,138,97,66,54,64,97,134,151,152,116,81,58,61,88,130,147,148,125,88,65,57,76,111,139,143,128,91,63,57,74,109,142,150,149,108,71,63,74,95,137,145,143
90,140,151,154,135,85,65,65,95,135,152,153,125,81,59,58,83,134,151,147,128,78,57,60,83,131,149,155,133,83,65,63,90,134,152,151,131,92,70,65,82,122,146,151,139,90,62,60,76,116,139,153,139,88,62,56,69,112,145,153,144,101,69,62,78,111,143,148,138,99,66,53,67,98,135,153,151,119,84,63,66,87,131,146,141,129,87,67,62,76,115,138,143,125,91,66,60,74,108,140,151,149,108,70,62,75,97,138,148,146
84,141,153,155,128,79,66,64,96,136,152,157,129,82,58,59,79,139,152,150,125,75,57,59,78,130,144,153,131,85,64,65,87,133,151,147,132,93,71,63,86,121,144,152,144,90,62,56,76,117,143,151,140,90,62,53,67,110,143,152,141,99,69,63,79,110,144,153,141,101,68,49,60,94,133,152,149,122,81,63,67,88,131,148,146,129,89,69,61,78,114,137,143,123,91,66,60,71,104,141,153,148,106,72,61,71,98,140,150,143
85,139,155,158,131,77,60,63,92,135,153,154,134,83,61,62,81,135,150,147,128,77,57,55,80,130,151,157,135,86,64,59,89,134,152,155,133,87,65,61,85,123,143,151,140,89,66,56,72,122,144,152,141,93,69,59,70,108,139,149,141,91,69,63,78,109,144,149,143,100,73,52,64,100,139,150,148,120,85,66,66,91,127,147,146,119,88,63,60,77,114,140,139,127,91,66,64,71,106,145,155,149,108,74,66,72,96,139,148,146
88,138,155,159,132,81,65,63,91,135,148,155,131,82,59,60,83,134,149,149,129,82,60,57,83,127,150,155,136,90,66,63,86,132,153,151,139,83,62,66,85,126,145,151,142,90,64,54,71,116,139,146,139,90,63,47,69,105,142,151,141,92,64,52,70,106,140,153,144,104,72,58,70,98,140,150,147,115,80,63,66,89,127,149,147,123,83,65,62,84,117,140,140,121,87,66,62,76,107,142,153,148,109,74,64,71,98,139,149,148
90,136,155,159,129,85,66,66,93,135,146,151,126,77,55,54,79,130,148,149,128,74,60,61,84,130,146,149,136,94,68,66,90,133,151,156,135,87,70,64,86,123,148,150,138,90,64,52,69,111,142,149,132,83,53,46,59,104,138,151,132,89,57,49,66,101,141,149,139,97,64,52,66,93,133,150,152,119,82,60,62,86,133,145,149,127,89,62,59,77,114,144,148,123,91,63,57,74,104,144,156,149,108,72,62,70,95,138,145,146
87,135,154,157,131,83,63,69,98,135,150,154,126,80,60,58,81,132,151,154,133,77,65,64,84,130,146,146,134,91,71,64,95,132,150,154,141,87,70,67,83,121,145,152,138,83,53,44,66,110,139,145,134,83,58,43,62,102,138,141,135,90,60,50,64,101,139,153,141,99,65,53,66,96,136,150,151,120,82,59,60,85,131,150,151,130,90,65,60,77,117,142,146,126,92,68,62,75,106,142,155,150,111,76,64,69,95,136,146,143
90,139,155,157,133,84,65,65,95,135,149,155,126,81,61,62,83,134,150,149,129,78,63,60,84,129,149,147,129,92,69,67,87,133,150,156,139,86,63,66,83,125,144,151,135,80,59,52,65,101,116,117,98,66,49,44,45,64,87,100,107,76,54,49,65,97,140,148,136,97,63,48,61,90,134,150,149,123,84,65,65,90,132,151,150,131,88,62,60,78,118,145,146,128,91,68,63,72,102,140,154,150,112,77,65,69,98,135,151,145
91,143,158,157,131,79,66,68,99,142,150,154,129,81,59,62,83,137,153,153,133,80,63,61,86,129,146,150,131,89,71,66,92,134,153,153,139,89,66,61,80,120,129,123,105,81,78,79,77,74,74,72,77,76,77,78,73,69,72,71,66,47,32,24,32,60,121,147,137,94,58,45,59,85,128,147,147,122,84,65,64,88,131,151,152,133,92,65,59,76,116,144,147,127,91,67,60,71,100,142,156,150,108,74,65,71,97,133,150,149
89,139,155,158,133,86,68,67,98,143,154,155,131,80,59,60,81,136,154,149,130,77,61,61,83,130,148,150,131,89,69,68,95,134,149,154,138,91,68,70,83,75,71,70,74,87,84,82,76,66,70,74,84,84,83,76,67,64,65,68,71,69,71,67,57,41,32,55,62,54,47,43,54,88,131,149,146,117,78,62,64,85,127,153,148,130,87,68,57,77,115,143,151,130,93,66,58,70,99,138,155,150,108,76,67,70,94,133,144,148
87,137,154,159,131,87,63,67,100,135,153,153,130,79,63,61,82,131,149,151,127,78,60,62,84,127,150,150,133,91,72,71,96,134,153,153,133,95,95,94,80,70,70,70,85,93,88,80,67,66,73,84,92,89,76,64,57,59,62,72,73,82,82,73,68,71,70,58,33,21,17,20,39,77,129,144,145,114,74,55,58,79,129,148,152,130,89,63,61,77,112,142,148,129,92,67,60,68,97,140,154,150,112,79,64,67,97,132,143,146
91,142,158,157,134,93,67,67,99,135,152,152,134,81,58,61,85,136,148,153,126,77,59,67,85,128,150,150,131,90,68,70,96,137,149,117,92,96,103,89,74,68,67,80,99,101,92,63,63,69,78,91,92,84,70,63,64,69,76,81,80,77,72,66,62,60,64,67,63,54,30,15,18,31,78,129,143,118,77,53,58,84,131,146,149,130,95,68,65,78,112,137,146,131,96,68,57,68,97,136,147,150,116,78,66,69,96,130,146,148
87,143,156,152,133,88,66,70,97,137,148,151,131,79,57,61,86,137,149,148,126,80,62,57,83,128,145,148,132,91,70,74,94,109,91,76,90,100,100,82,65,70,74,90,101,107,90,68,65,72,89,97,91,76,67,58,63,72,85,85,84,76,64,56,59,58,58,64,69,70,72,51,25,19,22,33,79,100,78,49,55,75,121,143,149,131,93,69,64,78,112,137,143,125,92,66,60,70,100,135,147,151,113,80,63,69,91,130,145,149
90,143,153,153,133,85,66,69,99,141,151,151,131,84,63,63,87,137,152,150,129,82,66,62,88,129,145,152,133,90,80,78,93,81,79,82,94,109,98,73,68,68,82,97,98,85,71,64,70,81,96,96,87,71,61,60,71,84,91,86,79,67,57,53,54,56,66,78,71,74,72,70,70,43,20,21,23,31,52,49,51,76,118,136,149,131,92,65,62,76,113,141,146,127,95,66,60,67,97,133,148,148,116,78,64,68,92,129,142,144
87,139,153,154,132,84,64,67,101,139,154,158,133,87,67,67,91,139,153,154,131,84,64,64,86,131,150,151,134,94,87,101,92,82,82,86,106,122,90,74,65,72,84,94,102,79,66,63,73,92,99,93,76,63,59,66,77,92,97,92,82,64,53,52,56,65,78,92,84,76,69,59,64,67,51,24,18,21,20,29,51,75,121,143,147,130,90,66,61,77,114,137,144,127,96,70,63,71,101,135,148,148,115,79,62,71,94,133,147,145
90,139,153,154,131,87,65,68,97,138,153,157,129,82,63,65,91,140,155,154,131,87,67,67,90,136,152,152,137,104,108,103,88,78,87,108,111,106,80,69,69,88,115,126,106,76,65,69,83,100,102,88,67,57,59,70,89,99,102,99,76,61,54,52,61,75,82,86,86,76,66,60,60,63,67,54,28,22,20,22,31,76,120,140,141,133,89,68,65,81,112,141,147,129,94,69,66,73,102,137,151,152,117,79,63,72,94,134,150,145
92,146,155,157,137,87,69,69,96,138,154,160,133,87,67,66,90,139,155,155,133,87,69,68,90,132,149,151,113,111,110,96,85,79,108,130,116,98,71,65,77,104,122,122,94,72,64,69,96,111,103,82,63,58,61,78,101,106,105,94,75,59,53,55,74,88,92,85,82,73,60,57,58,58,62,67,64,36,22,19,19,30,110,140,143,130,93,72,65,79,119,141,146,130,94,70,66,74,104,137,154,152,118,76,69,71,95,137,154,150
90,144,155,159,137,88,71,68,97,136,155,156,131,85,67,69,91,139,154,153,135,89,70,68,92,135,151,116,100,119,113,96,79,79,102,122,123,87,70,63,78,101,113,104,79,64,66,81,108,119,107,78,58,57,68,90,104,107,102,86,67,55,54,64,83,102,116,101,85,68,58,58,54,55,61,65,67,67,40,21,19,15,42,116,146,130,89,66,63,74,110,142,145,132,94,72,61,71,102,134,149,151,116,82,70,72,94,129,147,149
94,142,155,159,133,93,72,70,98,133,153,155,134,89,70,68,88,139,156,153,133,91,70,65,92,132,131,91,105,114,102,84,75,84,104,120,111,79,68,69,87,105,114,94,71,62,66,100,125,126,108,76,62,63,75,93,108,107,97,77,64,55,54,62,79,94,102,106,84,65,60,57,53,62,63,70,70,65,65,37,20,17,23,44,116,125,82,64,58,77,110,142,143,128,92,72,59,69,98,133,145,147,119,83,71,70,95,131,147,149
90,140,154,161,136,92,68,71,97,137,156,155,136,89,70,67,90,135,153,157,138,93,71,69,92,124,90,96,112,117,95,77,78,95,118,125,97,71,70,72,101,117,115,91,70,66,75,115,136,125,97,69,51,57,76,103,110,106,96,71,59,52,60,72,101,99,100,102,79,61,50,49,56,62,71,73,72,71,66,65,33,19,20,19,44,117,82,62,62,78,106,142,144,130,94,70,60,71,97,132,146,145,120,84,71,73,94,129,142,148
88,139,154,157,136,92,69,72,101,139,155,158,135,86,70,68,89,133,151,158,143,94,70,71,93,96,88,101,116,111,94,73,80,107,122,118,93,76,73,85,108,123,114,82,63,68,87,115,135,126,98,71,63,71,88,107,116,105,87,65,54,55,62,82,100,105,101,92,70,57,50,52,59,69,76,74,73,75,71,64,66,31,17,18,19,61,80,58,60,75,110,140,146,133,95,70,64,75,100,132,147,144,124,88,69,73,95,133,146,151
88,137,154,158,136,91,71,73,99,137,152,158,138,92,74,70,90,133,150,157,141,88,74,78,88,93,88,113,122,105,81,74,83,109,120,116,87,73,72,92,117,120,105,73,63,67,91,117,138,132,98,70,70,85,103,111,109,101,85,65,58,57,68,93,110,110,100,86,71,57,56,50,58,74,77,79,67,70,69,66,69,66,22,19,22,22,58,59,52,74,107,138,147,136,100,70,59,70,100,131,146,147,122,86,67,72,99,131,147,150
93,139,154,159,137,91,72,75,100,137,154,153,134,90,72,72,93,137,150,156,137,91,76,83,95,86,92,121,123,107,78,76,90,114,122,106,81,68,81,105,130,130,109,73,62,76,99,114,126,140,83,62,67,88,109,120,113,100,73,62,57,61,73,95,112,116,105,78,62,55,52,59,68,83,83,84,71,72,70,70,69,70,49,20,21,17,25,51,52,69,106,140,148,135,98,71,61,74,100,136,146,147,117,84,69,70,93,131,147,147
93,140,149,156,138,93,73,75,101,140,155,156,134,89,72,71,90,134,151,155,139,89,90,127,99,85,98,122,130,102,76,77,100,116,122,105,79,83,88,115,131,126,100,81,70,81,115,127,128,114,85,64,72,94,115,121,110,94,72,58,57,70,88,108,114,110,96,72,60,55,53,67,81,89,88,78,74,73,65,69,65,68,71,41,19,18,16,36,52,65,104,141,146,133,99,77,64,75,99,136,147,146,118,84,68,70,91,133,147,146
92,141,150,154,136,93,75,76,100,136,154,153,134,91,75,72,92,137,154,156,142,95,112,117,96,86,102,129,124,100,77,79,114,132,126,99,77,79,93,125,135,131,98,81,81,91,126,140,131,112,84,66,75,95,121,125,113,89,65,56,55,69,91,109,118,107,88,67,59,52,57,67,89,92,94,84,73,72,65,63,65,65,70,67,28,18,18,21,48,69,107,142,145,132,100,76,60,71,96,134,146,151,123,85,69,71,94,132,148,150
87,141,154,153,132,90,76,77,101,136,157,156,136,89,74,73,96,137,150,157,139,92,114,113,95,87,112,135,124,101,75,86,119,134,127,98,75,77,101,130,140,125,92,75,78,103,137,136,125,105,83,77,90,110,129,133,124,92,67,57,62,75,103,114,121,109,80,67,58,54,59,75,93,98,92,82,69,63,62,64,67,64,67,73,53,21,17,16,31,64,100,142,150,132,97,71,64,75,97,138,148,152,123,84,71,70,93,132,151,153
92,142,155,156,135,91,74,74,101,136,156,157,135,88,75,74,94,138,154,157,140,95,112,110,91,91,120,133,120,90,76,93,124,139,128,94,77,84,117,141,140,120,91,77,80,115,143,140,122,92,75,72,89,119,139,142,122,90,69,62,66,82,111,122,120,107,75,65,60,65,72,85,98,105,94,84,69,59,59,64,63,66,65,65,68,31,18,21,17,50,96,136,149,135,104,72,64,73,99,135,151,151,127,85,70,76,91,131,149,155
90,142,159,159,136,93,69,72,102,138,156,155,134,92,73,73,95,141,156,158,139,104,121,104,90,95,123,135,118,90,82,97,129,143,122,89,74,87,119,139,143,120,87,76,82,115,137,145,122,89,75,75,100,122,139,136,119,90,69,61,73,96,108,119,118,95,72,58,56,64,81,102,106,110,98,78,66,62,64,60,64,65,65,69,71,54,20,15,20,35,100,135,151,139,108,74,66,75,99,133,148,148,124,82,71,74,94,132,147,149
89,140,154,156,136,93,70,73,105,142,154,153,130,93,72,72,90,138,156,159,141,112,114,98,88,104,131,138,117,84,83,109,145,146,115,88,78,86,121,147,146,111,81,74,93,133,150,153,128,94,76,80,104,135,148,141,118,92,75,71,85,107,118,127,126,90,68,61,61,68,81,108,113,106,100,76,61,56,57,60,63,66,66,70,76,70,21,20,20,22,88,138,146,137,110,74,62,77,99,135,147,149,124,88,69,72,87,131,148,150
86,138,156,156,136,95,74,74,100,142,156,156,130,94,70,72,90,136,156,159,141,118,119,100,93,108,133,138,110,84,90,121,146,144,112,84,82,91,129,152,146,104,80,80,99,136,151,153,128,93,76,84,107,140,149,144,111,83,74,80,82,115,131,129,123,96,67,58,57,71,93,104,110,106,96,74,61,54,58,60,64,61,63,69,70,74,42,21,20,20,50,138,145,134,104,73,63,78,102,139,147,147,122,88,71,74,90,128,150,148
94,138,153,161,135,94,75,77,100,141,157,157,134,93,71,71,92,137,156,156,138,120,121,98,95,110,138,138,107,86,90,123,145,144,107,83,78,95,139,154,140,99,84,81,103,141,156,152,122,91,83,90,116,142,152,147,114,82,76,86,94,120,135,136,121,96,69,59,62,76,102,115,112,106,92,71,59,54,56,60,63,60,63,66,73,75,73,28,24,21,26,95,140,138,102,76,63,75,102,137,149,148,120,85,69,72,89,129,148,150
96,140,156,161,135,95,72,76,103,141,157,158,137,93,72,70,89,140,162,157,131,129,118,100,96,118,141,138,99,83,91,126,142,141,108,78,78,106,144,151,133,94,80,81,106,144,157,157,127,95,84,93,124,150,156,143,110,85,76,79,103,126,134,135,119,87,65,60,66,85,108,123,114,107,94,70,58,55,54,59,59,63,67,69,74,71,75,32,21,20,23,35,133,130,103,77,61,78,100,139,149,148,118,85,67,69,86,127,150,147
94,138,152,159,135,97,73,76,104,140,158,155,135,95,76,78,90,139,156,156,119,134,117,97,96,120,137,125,97,83,94,128,147,144,109,83,92,121,147,156,138,96,82,83,109,146,156,153,124,97,90,99,126,144,150,144,109,87,77,81,103,134,138,137,120,88,67,62,66,92,117,119,123,115,98,75,60,56,56,61,61,64,69,75,74,73,70,49,20,22,21,23,125,127,102,73,62,79,100,139,149,146,122,90,72,73,92,126,149,148
95,141,155,160,136,94,75,79,104,142,159,161,138,95,73,77,91,140,156,153,119,136,118,92,99,124,139,125,95,84,104,138,151,144,109,89,94,125,149,161,139,98,86,92,118,151,158,151,121,97,93,110,141,153,155,142,101,80,82,90,109,137,141,145,121,89,67,61,68,89,117,119,129,115,95,72,61,59,62,63,66,69,70,68,74,77,71,69,25,19,20,22,84,123,98,70,62,73,100,133,145,140,122,89,73,69,88,123,146,148
95,142,154,160,141,97,78,79,104,143,161,159,139,96,75,74,95,139,156,139,123,138,115,91,101,130,139,132,101,87,107,141,146,141,106,89,100,137,156,161,142,104,91,100,130,158,161,149,119,97,94,109,143,160,161,139,106,84,82,91,117,144,152,143,122,93,69,63,71,94,120,125,126,119,93,70,62,62,60,62,67,77,74,74,75,73,70,70,36,22,22,22,43,120,99,76,64,70,98,135,147,142,119,88,72,70,88,126,146,153
96,139,154,161,143,97,77,79,104,146,158,157,136,94,75,80,98,136,155,128,123,136,111,91,103,130,139,133,101,91,110,137,153,137,101,89,101,138,157,162,142,101,92,102,135,165,166,150,117,96,94,114,141,157,160,139,104,86,80,91,120,147,154,144,119,88,71,66,79,104,125,126,123,116,89,66,62,62,61,63,74,85,80,75,70,75,71,73,50,21,24,21,27,105,96,78,64,74,99,134,148,148,121,85,72,72,92,123,143,151
92,137,153,161,142,98,77,79,103,141,157,161,141,93,77,77,94,140,151,112,126,131,111,93,104,132,142,127,100,91,112,146,151,132,100,93,103,141,159,165,137,104,94,103,143,168,167,154,120,96,100,118,149,161,155,141,110,88,83,94,125,147,155,149,120,94,68,67,78,107,128,130,124,110,87,69,57,55,59,64,76,86,81,75,75,71,67,75,57,24,19,23,24,81,95,78,64,72,98,137,146,150,125,85,75,75,88,123,140,149
92,139,157,158,134,94,76,76,103,142,157,157,138,100,82,78,97,137,141,100,130,131,109,92,110,138,136,122,98,93,117,152,152,133,103,91,105,146,166,176,146,104,95,112,154,177,173,155,122,99,101,119,157,167,163,141,111,85,85,96,134,150,152,149,118,92,70,67,79,107,127,131,125,107,87,68,59,56,63,69,79,83,84,80,75,65,73,78,64,22,21,21,25,59,97,78,64,71,97,136,149,149,126,84,71,74,92,127,140,152
90,136,156,159,133,93,74,76,105,143,157,155,139,100,83,77,93,137,128,101,127,132,107,94,113,141,139,118,95,95,122,148,153,132,100,92,108,146,176,173,144,111,101,116,153,179,176,157,125,105,104,125,157,167,166,138,110,90,89,106,133,153,153,148,118,94,77,66,84,108,122,128,124,106,84,71,64,59,65,76,86,85,84,83,76,69,66,67,72,32,20,19,23,34,85,77,68,75,96,132,149,146,130,90,71,72,91,125,137,150
94,135,152,158,140,96,74,81,107,142,158,160,141,99,81,77,94,138,116,102,125,129,104,96,117,145,151,122,96,98,121,146,156,134,102,95,109,153,182,178,148,104,100,118,152,175,173,158,128,106,105,125,157,170,169,147,105,87,76,98,139,158,155,144,119,87,71,71,93,111,123,132,128,114,88,70,63,62,66,76,89,90,89,90,78,72,63,71,71,43,20,21,22,25,73,74,64,72,95,134,147,146,132,90,74,74,94,123,139,147
94,136,154,153,138,96,75,81,106,142,158,159,138,101,80,80,100,138,110,106,130,128,107,96,119,146,146,122,96,100,120,150,160,137,108,101,113,152,173,173,146,112,98,117,149,179,181,164,131,114,112,129,160,169,171,147,96,78,77,94,131,152,160,143,110,85,70,71,92,112,125,132,127,113,88,69,61,64,67,75,87,93,90,86,85,77,66,74,72,50,19,18,20,25,65,75,62,71,100,134,147,149,127,87,75,72,100,125,141,146
93,136,154,152,131,95,75,78,105,142,155,156,142,96,81,80,99,139,106,113,131,127,107,97,118,143,142,113,93,97,122,156,163,138,106,101,121,161,168,173,150,113,105,126,153,186,194,170,131,116,122,132,164,172,173,145,91,75,82,104,145,144,161,138,113,78,71,74,91,114,129,132,125,108,88,68,63,62,69,79,93,93,88,84,86,75,67,69,69,53,21,19,21,23,56,77,66,69,96,133,147,148,127,90,76,70,96,125,141,146
93,137,155,157,132,94,74,79,105,139,154,156,141,96,81,81,105,136,103,116,139,134,101,97,122,147,149,118,99,98,125,155,166,141,106,98,120,160,170,177,148,109,103,124,160,186,187,166,136,118,125,129,162,173,169,149,101,86,85,109,147,154,159,142,105,77,69,71,86,113,129,131,124,108,91,64,65,62,68,80,96,92,93,85,79,75,66,69,70,55,21,19,24,23,49,76,71,74,99,136,147,147,132,91,73,74,94,127,143,146
91,137,153,157,137,95,80,81,109,142,152,160,142,100,82,82,101,130,101,118,134,136,103,99,123,150,154,130,102,99,125,157,173,136,105,96,119,157,167,181,148,110,106,127,159,176,189,168,138,121,115,132,150,162,172,151,105,85,89,118,143,162,164,155,108,77,72,70,84,109,129,127,120,114,97,69,64,67,71,91,101,97,97,90,85,79,69,70,72,62,23,22,21,23,43,81,73,76,94,132,146,147,135,93,80,77,89,126,147,150
96,138,151,158,138,100,83,81,109,141,155,158,141,102,84,83,98,122,96,114,138,133,104,97,124,147,150,126,99,96,125,157,170,134,107,100,119,154,170,172,147,115,111,125,164,188,187,171,143,118,114,137,150,154,172,150,107,85,91,108,141,152,156,149,108,80,71,71,83,110,131,135,118,107,94,71,64,65,70,81,100,94,96,88,82,78,72,67,70,63,20,19,20,23,43,77,68,76,95,129,141,146,130,95,74,74,93,124,143,150
95,141,156,157,136,99,81,81,107,138,154,157,139,99,82,83,98,116,100,118,141,126,103,101,127,147,147,120,97,93,125,157,168,131,106,104,124,162,177,171,143,114,110,124,165,190,200,174,144,121,116,133,161,172,170,149,112,86,86,102,130,148,146,143,117,90,74,71,83,109,135,128,118,109,100,74,60,61,71,81,98,90,95,86,83,78,71,69,73,55,22,21,23,24,44,72,64,75,93,132,145,146,127,97,79,72,88,124,145,149
91,142,160,159,136,95,78,80,106,136,152,160,141,101,84,86,99,108,97,117,139,127,105,103,125,148,152,110,93,95,129,156,165,136,110,105,128,162,181,170,149,112,112,125,166,188,191,169,141,118,123,133,169,180,173,144,111,89,96,108,135,150,146,143,125,94,76,71,80,106,137,125,121,116,99,73,58,60,70,83,96,91,94,88,86,76,73,70,71,59,20,21,26,27,51,77,68,75,94,132,149,150,127,92,76,68,83,122,143,148
90,143,159,162,140,96,80,80,105,139,156,158,140,102,86,89,102,109,100,121,142,135,110,105,122,146,154,109,90,91,129,159,167,144,110,107,123,160,174,176,152,113,109,125,159,180,184,173,138,123,128,117,152,176,180,150,96,90,92,107,143,163,147,142,138,88,72,74,83,113,136,135,121,119,97,71,64,63,66,80,93,94,95,92,86,81,72,70,74,60,25,21,25,28,58,80,70,76,97,135,150,151,131,96,75,71,85,123,141,149
93,145,156,164,142,97,81,82,107,142,154,160,143,105,88,88,100,109,98,117,138,131,110,103,126,148,152,118,100,100,137,162,165,149,117,107,121,158,175,171,150,111,106,127,165,182,185,172,140,126,116,113,148,179,173,152,91,90,90,97,136,156,155,149,131,87,71,73,86,120,132,137,121,118,91,73,68,64,67,78,91,96,98,91,87,83,80,76,75,60,24,25,25,30,66,78,70,75,98,135,149,147,130,93,76,73,87,119,139,147
95,142,154,162,141,99,82,83,110,143,154,160,143,106,89,89,101,112,94,117,141,135,113,104,127,147,152,125,102,102,135,161,161,144,116,106,118,155,169,168,144,115,108,123,158,177,180,167,137,111,113,123,160,182,178,154,105,89,93,96,122,152,157,154,125,89,73,73,92,117,132,135,129,120,90,75,67,65,68,79,91,94,94,93,80,88,86,76,78,54,22,22,24,42,86,83,70,74,98,133,153,149,133,92,77,75,90,120,143,150
95,140,155,158,138,100,79,79,109,141,157,162,142,102,85,87,104,115,95,116,141,133,109,101,120,146,152,124,102,106,134,161,161,142,117,105,119,149,169,172,148,115,105,115,148,172,180,164,128,108,107,127,163,178,179,154,113,96,90,92,115,150,165,165,127,88,75,71,97,110,126,131,127,118,101,77,67,70,67,75,87,93,90,89,79,83,81,78,79,46,25,21,25,53,101,85,67,71,96,132,150,146,127,94,74,73,85,118,142,153
96,142,150,158,139,95,80,79,109,145,157,157,145,100,84,84,102,129,99,115,142,139,110,105,118,144,150,128,106,107,129,159,157,148,116,106,115,148,168,163,145,118,107,112,141,172,180,168,128,108,107,124,156,163,170,152,116,93,90,97,118,156,167,175,127,90,80,83,95,105,129,127,127,126,101,80,67,66,67,74,84,93,91,93,90,77,74,77,79,40,24,24,33,65,108,89,71,73,97,131,147,146,132,99,78,73,85,119,142,153
95,143,157,159,141,95,77,81,106,140,159,156,144,100,85,86,103,131,101,109,144,139,111,100,116,141,147,123,106,105,126,150,159,145,119,107,114,145,168,166,150,117,103,111,139,166,171,166,131,102,105,118,147,156,163,153,116,92,87,97,123,148,157,164,126,94,86,86,87,104,119,122,134,132,107,86,69,66,69,74,80,89,85,86,87,78,76,78,78,34,26,25,40,79,112,88,75,76,99,131,149,142,132,99,80,71,89,118,145,151
97,140,156,165,144,97,76,79,106,140,154,160,145,100,84,86,102,135,108,108,134,140,115,99,116,135,150,132,108,103,119,144,154,147,122,107,112,139,165,168,154,122,105,109,132,163,171,163,131,105,100,110,143,161,166,158,114,89,89,100,123,144,152,160,131,101,88,84,88,96,113,124,143,138,114,88,67,64,71,72,80,87,85,89,87,81,78,77,72,28,27,29,42,106,111,84,75,76,101,133,149,141,132,102,86,75,89,120,147,147
102,142,156,162,141,98,78,79,107,142,153,161,143,100,83,83,99,136,116,106,132,140,118,101,113,137,149,130,106,98,116,156,153,146,121,106,109,132,163,174,162,127,106,105,130,158,168,163,132,107,99,107,142,168,172,160,110,85,87,96,120,140,145,147,127,103,84,77,82,89,115,143,143,137,120,95,72,68,70,70,75,82,85,88,84,81,80,80,68,26,26,33,59,127,112,82,75,81,101,133,147,147,132,100,83,79,88,119,144,149
97,141,155,160,139,98,80,84,108,142,158,160,142,100,84,84,100,138,128,108,134,137,118,103,110,135,149,139,108,97,119,153,158,155,126,103,105,127,156,170,161,129,109,102,120,154,166,157,132,111,97,104,136,161,165,158,119,89,85,90,110,136,141,147,140,114,88,76,77,86,115,146,147,139,123,97,74,73,69,73,73,76,84,83,86,78,81,77,54,27,31,44,107,134,114,80,73,81,97,133,147,148,131,97,79,79,87,118,142,153
98,146,159,161,140,101,85,82,108,140,157,159,141,100,83,82,99,137,138,108,128,134,120,105,109,128,151,135,110,98,111,147,162,153,128,102,103,122,148,163,157,131,110,108,126,157,166,165,142,109,98,103,130,156,164,158,133,99,88,93,108,130,140,149,140,111,87,80,82,89,110,149,146,137,123,95,76,73,71,74,75,72,84,84,83,79,79,80,38,24,40,53,139,138,112,84,74,78,99,133,149,147,134,99,79,73,85,116,141,150
99,147,160,161,139,100,84,77,106,140,157,163,144,105,89,83,100,140,151,112,125,131,122,101,103,127,144,143,117,103,106,136,159,156,130,105,101,114,143,162,162,135,111,104,117,151,167,166,149,118,102,103,128,154,162,156,137,102,86,92,105,126,140,144,136,114,97,83,80,90,108,148,137,132,121,97,82,73,72,72,73,68,77,80,82,70,80,76,29,35,44,87,148,139,114,87,75,73,95,130,148,149,138,99,80,73,86,118,146,152
97,146,161,163,144,99,85,81,107,135,159,161,143,105,89,84,102,138,155,131,119,133,124,99,96,123,139,143,118,97,99,128,153,155,134,106,101,110,135,155,159,138,116,107,115,147,167,164,149,124,105,104,122,150,160,155,139,103,85,91,103,122,143,147,145,129,102,83,80,84,105,131,141,131,117,96,78,71,67,72,69,72,77,78,76,82,76,47,29,36,62,139,153,138,115,85,75,73,95,131,145,146,136,97,82,78,85,115,145,150
96,144,158,164,140,100,85,83,108,141,161,160,144,105,87,80,98,136,156,151,122,134,131,107,98,116,136,141,125,100,101,121,149,158,138,112,104,113,137,158,155,141,115,103,112,139,157,168,154,125,109,103,117,144,156,155,140,108,92,97,109,117,142,149,146,130,104,88,79,81,98,126,134,120,116,100,84,69,66,67,71,71,73,78,77,82,79,37,37,42,84,143,151,140,116,85,72,75,90,124,142,148,135,97,80,76,89,117,145,152
98,141,158,162,140,99,82,87,110,143,158,156,145,108,87,82,97,139,157,161,133,130,132,112,103,111,142,146,133,106,98,110,139,156,148,110,99,110,133,153,159,141,116,104,106,128,150,163,153,123,105,94,108,138,155,157,149,118,94,92,100,111,140,140,147,135,105,90,83,81,93,113,121,119,115,103,89,73,70,70,72,73,73,74,76,79,49,34,43,55,105,143,150,143,121,87,75,77,96,123,143,147,138,104,80,75,86,116,141,151
97,144,157,163,143,104,83,85,107,141,155,155,144,104,84,82,100,137,155,163,151,125,131,116,103,107,133,143,133,107,96,111,138,149,143,113,101,107,133,155,163,147,123,103,107,124,150,161,154,127,102,94,107,128,149,157,148,117,96,88,94,104,130,141,146,137,112,89,79,78,84,97,111,118,111,109,87,76,76,73,75,72,70,73,80,71,30,38,46,72,104,141,148,144,123,87,76,75,98,128,147,145,141,107,82,77,90,117,143,151
99,140,157,157,141,102,84,82,106,137,157,157,145,104,87,79,99,136,157,163,153,122,128,118,102,104,127,140,130,109,102,112,133,136,135,114,102,101,124,148,156,149,123,104,105,118,145,154,148,125,99,91,103,121,146,157,142,114,96,89,88,98,127,139,147,136,108,90,78,78,81,89,107,113,109,103,92,80,77,72,72,71,79,75,77,43,30,48,57,80,103,141,149,143,121,85,75,74,98,129,149,146,144,103,80,70,84,119,147,150
99,142,154,157,139,99,81,82,110,141,159,160,145,103,85,81,99,138,158,164,152,116,123,126,96,99,119,140,133,111,96,98,122,138,140,122,104,95,111,139,156,154,125,107,103,113,144,153,149,130,106,94,101,120,145,152,143,123,99,91,86,92,116,136,144,136,108,89,78,75,76,84,100,105,109,102,99,78,74,74,74,72,78,81,64,35,47,48,70,83,102,140,149,141,120,84,74,76,96,125,145,148,144,102,84,74,88,120,144,152
98,143,155,159,140,99,76,80,106,140,156,161,141,103,83,85,98,138,156,157,147,111,108,124,104,101,115,133,136,119,102,100,126,144,144,129,105,98,107,134,150,150,129,103,98,107,134,150,152,138,110,95,97,110,135,145,138,126,101,90,84,88,108,130,132,126,113,90,76,72,77,79,92,102,102,104,98,88,82,74,79,76,85,79,40,46,52,67,77,81,97,136,149,140,119,85,75,76,93,128,146,154,143,103,84,77,90,117,140,153
96,138,152,156,142,103,81,84,105,140,156,158,141,105,85,83,96,137,157,159,145,116,93,108,115,102,114,130,136,121,104,99,114,135,147,141,110,98,104,131,149,144,128,102,94,99,118,141,149,143,114,97,95,104,129,143,138,127,106,83,76,83,110,122,132,130,123,95,79,74,77,79,89,97,96,100,98,92,84,81,84,83,89,53,45,54,79,85,71,79,106,138,149,146,122,88,76,74,92,125,145,154,141,104,82,74,87,115,143,152
94,138,154,157,145,103,87,85,103,136,155,160,145,104,90,82,99,138,156,158,147,106,93,100,110,106,109,124,137,125,101,94,106,129,143,136,112,99,99,119,140,146,134,106,91,94,113,139,144,140,115,101,90,100,121,134,134,131,107,84,76,82,92,113,121,127,117,97,86,81,74,79,85,87,97,95,96,92,91,87,88,91,62,48,61,99,115,87,73,77,103,141,149,148,122,88,76,72,91,123,144,150,138,103,83,74,89,117,147,154
97,140,156,157,142,103,83,81,103,137,152,153,143,104,86,88,102,137,153,159,149,107,92,89,104,105,103,119,134,127,103,91,96,124,138,139,117,102,102,116,140,146,147,110,96,94,105,132,141,141,124,100,90,96,110,126,138,131,111,90,83,79,87,104,114,115,112,104,94,84,81,76,82,77,85,88,91,87,92,87,89,63,47,60,105,147,119,87,77,81,103,143,151,147,120,88,74,73,92,125,144,151,140,104,83,77,90,116,141,153
96,140,157,161,143,106,87,88,107,141,154,153,143,106,87,87,103,139,156,160,147,113,94,89,103,124,106,111,128,130,110,98,99,110,129,132,122,100,94,106,124,145,151,121,101,93,108,122,133,144,120,103,86,89,99,119,126,128,115,98,83,77,83,93,108,109,112,107,98,84,83,76,77,80,81,85,84,90,95,92,67,48,56,109,153,148,119,91,83,80,101,148,151,143,123,94,76,72,93,122,148,153,143,106,85,78,90,117,141,152
99,142,157,161,141,104,86,87,105,140,157,157,144,105,87,87,104,137,156,159,153,111,94,91,99,131,143,110,120,125,126,100,92,109,138,141,130,103,96,96,114,132,136,122,98,91,96,110,126,133,125,107,90,86,94,107,119,122,118,99,84,77,82,86,98,102,105,105,96,91,80,88,82,75,83,87,88,89,88,68,49,56,106,148,157,153,123,89,74,82,103,143,148,138,121,93,76,75,93,118,147,149,143,106,83,75,87,111,144,153
101,140,155,162,142,106,88,88,106,142,161,156,144,107,87,84,100,133,153,158,149,109,95,89,103,130,155,151,123,128,122,102,96,102,120,142,146,114,98,95,109,124,126,124,103,91,93,100,116,125,123,107,92,81,89,97,115,117,114,102,90,81,82,82,86,95,98,105,99,94,90,86,84,84,83,88,86,87,68,55,63,85,112,141,152,152,123,93,78,81,104,136,148,138,121,89,75,77,92,115,142,150,146,109,83,74,89,111,142,158
102,140,157,158,140,105,89,88,105,139,157,156,144,105,87,83,100,134,154,159,144,108,93,87,104,130,152,162,148,121,123,111,99,100,114,126,137,120,100,97,100,118,127,126,112,92,91,96,110,119,121,114,94,86,84,92,104,111,105,101,91,84,82,81,84,91,97,98,94,98,97,89,85,88,85,91,82,62,59,73,82,87,112,147,156,152,116,91,82,82,103,143,153,145,129,93,76,78,95,121,145,154,145,111,86,75,90,114,141,156
101,141,156,159,141,105,88,87,106,139,155,156,143,102,85,84,103,134,153,160,145,105,91,86,100,132,157,159,150,117,114,118,107,101,109,119,124,125,109,96,101,111,125,131,120,96,87,91,102,115,122,118,99,91,84,90,96,107,105,104,98,91,89,85,84,85,85,93,94,104,94,95,94,93,91,79,66,103,109,89,82,84,111,142,158,146,121,94,83,80,103,140,148,142,127,94,77,77,91,114,140,154,145,114,90,74,84,112,139,154
104,144,158,158,141,103,83,82,105,138,154,152,143,104,85,80,98,134,154,161,147,106,92,83,100,134,151,160,148,116,100,100,112,105,102,105,121,120,107,94,97,103,119,127,122,104,96,90,96,118,122,121,110,98,88,83,86,97,102,104,101,91,86,77,79,84,85,92,95,91,92,92,94,84,73,84,140,155,118,86,80,84,111,146,156,153,120,95,81,81,102,136,150,143,123,93,79,79,93,121,144,155,144,106,85,73,85,109,142,149
102,142,157,158,143,102,84,80,105,138,156,152,148,108,87,81,96,134,154,162,150,111,91,86,101,133,154,163,149,119,99,91,103,119,111,108,111,117,115,101,97,97,113,127,130,121,99,89,90,94,109,119,116,103,91,83,82,91,100,99,98,106,98,90,89,85,84,87,88,85,91,85,72,76,116,152,162,158,119,92,75,85,112,144,153,150,124,96,83,82,97,137,154,148,122,94,77,75,94,120,144,154,148,111,89,77,88,110,143,153
96,138,152,158,144,106,85,83,106,136,154,151,143,110,89,81,94,131,155,160,151,112,87,82,98,134,157,163,153,114,95,89,103,132,153,147,122,117,117,111,96,96,104,116,119,117,100,90,91,95,111,127,120,106,96,88,86,86,88,96,98,99,101,100,93,88,87,87,86,79,72,67,75,94,125,153,164,157,121,93,82,94,114,146,155,147,122,94,80,77,98,134,153,150,124,94,77,74,93,122,142,155,143,107,89,81,84,114,144,149
100,137,150,159,143,106,85,86,108,140,154,159,144,104,87,80,94,134,155,158,145,107,87,84,99,135,156,162,152,119,97,87,102,134,160,161,154,120,115,113,107,94,98,104,113,117,109,95,91,88,96,103,109,106,103,92,89,88,87,94,99,102,103,101,96,91,92,88,85,106,100,84,87,90,124,149,164,156,117,90,80,89,113,146,154,148,122,93,79,83,99,134,148,148,126,94,78,76,96,122,144,154,143,109,89,75,89,111,141,151
97,138,154,158,143,105,85,86,109,138,154,159,142,105,84,81,90,136,154,161,146,106,87,83,98,135,157,161,154,122,102,91,106,135,159,164,162,121,104,96,103,105,100,105,113,119,122,110,100,92,95,97,104,108,107,107,93,97,97,94,97,95,99,91,80,79,97,140,156,145,109,86,79,94,124,148,159,153,118,91,79,81,109,147,154,148,123,94,77,80,96,136,147,146,129,94,79,74,92,120,144,158,146,110,87,71,88,113,143,152
98,139,152,159,144,105,86,86,107,136,152,157,143,102,85,80,95,134,153,158,145,106,87,83,96,131,154,160,151,122,102,91,106,134,154,166,160,122,101,88,91,119,144,146,139,124,111,104,97,92,94,99,104,105,106,101,96,98,102,106,107,103,95,77,82,104,137,152,158,148,106,82,78,90,126,152,155,150,116,88,77,84,109,145,157,151,126,96,81,77,98,134,146,146,130,95,82,75,89,119,143,163,149,111,87,75,84,113,141,152
100,138,150,158,144,104,85,84,104,136,149,157,143,106,80,81,93,133,153,154,148,107,86,82,96,130,159,158,149,123,101,90,105,132,154,163,160,123,97,85,94,119,150,161,158,134,101,89,92,106,130,136,132,114,101,93,93,102,133,149,150,136,105,88,89,106,132,155,155,145,108,84,80,97,124,151,157,151,113,90,80,88,109,145,156,151,126,97,88,81,100,134,148,145,131,94,82,78,91,121,144,161,150,114,92,82,84,111,137,151
96,137,153,157,144,104,84,83,104,136,151,156,148,108,85,78,95,130,155,158,151,109,86,80,95,130,159,158,149,123,99,91,106,132,155,164,155,117,98,90,99,121,145,162,161,131,100,84,91,108,146,158,152,131,99,84,89,108,139,157,150,132,103,86,90,111,133,158,159,145,107,88,79,91,121,150,160,154,115,93,80,87,110,150,153,148,125,98,87,81,96,136,150,146,130,95,81,77,93,121,146,156,150,114,91,82,87,112,139,151
96,136,153,159,146,106,86,84,106,140,153,159,147,106,85,81,96,132,153,158,147,109,88,82,94,129,151,160,149,119,93,89,103,132,156,165,157,119,97,91,96,119,150,161,161,129,101,86,87,105,148,161,159,128,100,88,92,106,143,155,157,135,104,83,89,107,138,156,159,143,105,85,79,89,117,152,159,153,115,90,79,83,114,149,155,149,128,97,81,81,98,134,150,147,127,95,84,76,93,119,145,153,149,112,88,78,88,113,140,149
98,139,153,159,147,107,86,87,109,142,155,161,149,104,87,77,93,132,153,158,142,105,87,82,96,131,152,158,150,120,93,92,103,130,155,161,154,122,98,90,101,119,146,158,159,126,98,86,88,106,141,161,157,129,97,87,87,109,140,157,157,137,105,85,85,101,131,155,156,142,104,85,83,89,124,148,152,152,117,85,83,83,112,147,161,147,126,96,85,82,96,132,150,150,126,94,85,74,91,118,141,153,147,114,86,80,87,109,139,149
99,138,155,161,147,107,85,82,106,139,154,162,145,105,80,77,94,129,151,156,146,103,89,79,95,127,151,157,152,117,93,88,101,126,151,159,150,121,105,95,101,115,145,160,161,131,101,89,86,103,142,162,159,132,98,86,87,106,138,151,156,143,108,86,87,102,134,157,155,144,107,90,86,90,119,151,156,151,120,91,79,84,107,148,158,151,128,97,84,81,98,134,150,144,126,99,81,77,92,120,141,155,147,112,87,81,86,111,145,148
100,137,151,161,145,108,85,83,105,139,154,160,149,102,85,76,90,131,150,154,147,105,84,79,94,127,147,159,154,119,95,84,94,127,154,160,152,122,101,93,97,113,146,161,163,132,99,85,87,104,142,160,158,132,99,84,85,104,139,149,156,144,112,88,86,99,131,157,156,141,103,86,84,90,120,149,159,155,119,87,77,86,107,149,156,151,131,98,83,80,98,133,150,147,129,102,84,78,91,121,145,154,143,107,89,80,85,110,143,152
